00000000000000f8
0000000000000001
0000000000000007
380f23ab00000000
000000001ee07200
000000001ee07200
380f23ab00000000
0000000000000001
0000000000000007
29ec1809cfa44623
0000000000000000
0000000000000000
29ec1809305bb9dd
0000000000000001
0000000000000006
3319469a00000000
00000000d9772107
00000000d9772107
3319469a00000000
0000000000000001
0000000000000006
291839ee3110443a
0000000000000000
0000000000000000
291839eeceefbbc6
0000000000000001
0000000000000005
3579f07600000000
00000000dcd6d51b
00000000dcd6d51b
3579f07600000000
0000000000000001
0000000000000005
3f529245f6b66e7d
0000000000000000
0000000000000000
3f52924509499183
0000000000000001
0000000000000004
1d736c2500000000
00000000c72dc741
00000000c72dc741
1d736c2500000000
0000000000000001
0000000000000004
3e079d600fc20449
0000000000000000
0000000000000000
3e079d60f03dfbb7
0000000000000001
0000000000000003
0161147900000000
000000003ffc31f0
000000003ffc31f0
0161147900000000
0000000000000001
0000000000000003
3fff115300aec88f
0000000000000000
0000000000000000
3fff1153ff513771
0000000000000001
0000000000000002
0625235800000000
00000000c04bb2dc
00000000c04bb2dc
0625235800000000
0000000000000001
0000000000000002
3f5bdd1ef6f6ac9f
0000000000000000
0000000000000000
3f5bdd1e09095361
0000000000000001
0000000000000001
3d79650b00000000
00000000ee329a77
00000000ee329a77
3d79650b00000000
0000000000000001
0000000000000001
3e215f6af0a4c4f2
0000000000000000
0000000000000000
3e215f6a0f5b3b0e
0000000000000001
0000000000000000
244d59a600000000
00000000cb4ab3a5
00000000cb4ab3a5
244d59a600000000
0000000000000001
0000000000000000
fa139903c046534c
0000000000000000
0000000000000000
fa1399033fb9acb4
0000000000000002
0000000000000001
0000000000000001
0000000000000001
091362a63f5a6d03
0000000000000000
0000000000000000
091362a6c0a592fd
0000000000000002
0000000000000001
0000000000000002
0000000000000002
0000000000000001
0000000000000002
249b6dcd347f3025
0000000000000000
0000000000000000
249b6dcdcb80cfdb
0000000000000002
0000000000000002
0000000000000001
0000000000000002
3cb064deebae7844
0000000000000000
0000000000000000
3cb064de145187bc
0000000000000002
0000000000000003
0000000000000001
0000000000000003
2b14dac52f541900
0000000000000000
0000000000000000
2b14dac5d0abe700
0000000000000002
0000000000000003
0000000000000001
0000000000000003
3d500a8feda627c0
0000000000000000
0000000000000000
3d500a8f1259d840
0000000000000002
0000000000000004
0000000000000001
0000000000000004
3ec46c4f0c80316c
0000000000000000
0000000000000000
3ec46c4ff37fce94
0000000000000002
0000000000000004
0000000000000001
0000000000000004
36af4f53debff673
0000000000000000
0000000000000000
36af4f532140098d
0000000000000002
0000000000000005
0000000000000001
0000000000000005
2e964f572be1d080
0000000000000000
0000000000000000
2e964f57d41e2f80
0000000000000002
0000000000000005
0000000000000001
0000000000000005
2cc3b998d2429864
0000000000000000
0000000000000000
2cc3b9982dbd679c
0000000000000002
0000000000000006
0000000000000001
0000000000000006
3de20d7d105317ed
0000000000000000
0000000000000000
3de20d7deface813
0000000000000002
0000000000000006
0000000000000001
0000000000000006
2f60ae0bd4f8fbde
0000000000000000
0000000000000000
2f60ae0b2b070422
0000000000000002
0000000000000007
0000000000000001
0000000000000007
00deb4fd3ffe7c7e
0000000000000000
0000000000000000
00deb4fdc0018382
0000000000000002
0000000000000007
0000000000000001
0000000000000007
3f5d8b12f7027b17
0000000000000000
0000000000000000
3f5d8b1208fd84e9
0000000000000002
0000000100000000
0000000000000001
0000000000000000
0ff0d5243dfba5f4
0000000000000000
0000000000000000
0ff0d524c2045a0c
0000000000000002
0000000100000000
0000000000000002
0000000100000002
0000000000000001
0000000000000002
3cb064de145187bc
0000000000000000
0000000000000000
3cb064deebae7844
0000000000000002
0000000100000002
0000000000000002
0000000100000003
0000000000000001
0000000000000003
3d500a8f1259d840
0000000000000000
0000000000000000
3d500a8feda627c0
0000000000000002
0000000100000003
0000000000000001
0000000000000003
36af4f53debff673
0000000000000000
0000000000000000
36af4f532140098d
0000000000000002
0000000100000004
0000000000000001
0000000000000004
36af4f532140098d
0000000000000000
0000000000000000
36af4f53debff673
0000000000000002
0000000100000004
0000000000000001
0000000000000004
2cc3b998d2429864
0000000000000000
0000000000000000
2cc3b9982dbd679c
0000000000000002
0000000100000005
0000000000000001
0000000000000005
2cc3b9982dbd679c
0000000000000000
0000000000000000
2cc3b998d2429864
0000000000000002
0000000100000005
0000000000000001
0000000000000005
2f60ae0bd4f8fbde
0000000000000000
0000000000000000
2f60ae0b2b070422
0000000000000002
0000000100000006
0000000000000001
0000000000000006
2f60ae0b2b070422
0000000000000000
0000000000000000
2f60ae0bd4f8fbde
0000000000000002
0000000100000006
0000000000000001
0000000000000006
3f5d8b12f7027b17
0000000000000000
0000000000000000
3f5d8b1208fd84e9
0000000000000002
0000000100000007
0000000000000001
0000000000000007
3f5d8b1208fd84e9
0000000000000000
0000000000000000
3f5d8b12f7027b17
0000000000000002
0000000100000007
0000000000000001
0000000000000007
38a76887e23a8b12
0000000000000000
0000000000000000
38a768871dc574ee
0000000000000001
0000000000000001
3d500a8feda627c0
0000000000000000
0000000000000000
3d500a8f1259d840
0000000000000001
0000000000000000
3cb064deebae7844
0000000000000000
0000000000000000
3cb064de145187bc
0000000000000002
0000000200000000
0000000000000001
0000000000000000
3cb064de145187bc
0000000000000000
0000000000000000
3cb064deebae7844
0000000000000002
0000000200000000
0000000000000002
0000000200000001
0000000000000001
0000000000000001
3d500a8f1259d840
0000000000000000
0000000000000000
3d500a8feda627c0
0000000000000002
0000000200000001
0000000000000002
0000000200000003
0000000000000001
0000000000000003
36af4f532140098d
0000000000000000
0000000000000000
36af4f53debff673
0000000000000002
0000000200000003
0000000000000002
0000000200000004
0000000000000001
0000000000000004
2cc3b9982dbd679c
0000000000000000
0000000000000000
2cc3b998d2429864
0000000000000002
0000000200000004
0000000000000001
0000000000000004
2f60ae0bd4f8fbde
0000000000000000
0000000000000000
2f60ae0b2b070422
0000000000000002
0000000200000005
0000000000000001
0000000000000005
2f60ae0b2b070422
0000000000000000
0000000000000000
2f60ae0bd4f8fbde
0000000000000002
0000000200000005
0000000000000001
0000000000000005
3f5d8b12f7027b17
0000000000000000
0000000000000000
3f5d8b1208fd84e9
0000000000000002
0000000200000006
0000000000000001
0000000000000006
3f5d8b1208fd84e9
0000000000000000
0000000000000000
3f5d8b12f7027b17
0000000000000002
0000000200000006
0000000000000001
0000000000000006
38a76887e23a8b12
0000000000000000
0000000000000000
38a768871dc574ee
0000000000000002
0000000200000007
0000000000000001
0000000000000007
38a768871dc574ee
0000000000000000
0000000000000000
38a76887e23a8b12
0000000000000002
0000000200000007
0000000000000001
0000000000000007
15f6edb6c3e31a8b
0000000000000000
0000000000000000
15f6edb63c1ce575
0000000000000001
0000000000000002
2cc3b998d2429864
0000000000000000
0000000000000000
2cc3b9982dbd679c
0000000000000001
0000000000000001
36af4f53debff673
0000000000000000
0000000000000000
36af4f532140098d
0000000000000001
0000000000000000
3d500a8feda627c0
0000000000000000
0000000000000000
3d500a8f1259d840
0000000000000002
0000000300000000
0000000000000001
0000000000000000
3d500a8f1259d840
0000000000000000
0000000000000000
3d500a8feda627c0
0000000000000002
0000000300000000
0000000000000002
0000000300000001
0000000000000001
0000000000000001
36af4f532140098d
0000000000000000
0000000000000000
36af4f53debff673
0000000000000002
0000000300000001
0000000000000002
0000000300000002
0000000000000001
0000000000000002
2cc3b9982dbd679c
0000000000000000
0000000000000000
2cc3b998d2429864
0000000000000002
0000000300000002
0000000000000002
0000000300000004
0000000000000001
0000000000000004
2f60ae0b2b070422
0000000000000000
0000000000000000
2f60ae0bd4f8fbde
0000000000000002
0000000300000004
0000000000000002
0000000300000005
0000000000000001
0000000000000005
3f5d8b1208fd84e9
0000000000000000
0000000000000000
3f5d8b12f7027b17
0000000000000002
0000000300000005
0000000000000001
0000000000000005
38a76887e23a8b12
0000000000000000
0000000000000000
38a768871dc574ee
0000000000000002
0000000300000006
0000000000000001
0000000000000006
38a768871dc574ee
0000000000000000
0000000000000000
38a76887e23a8b12
0000000000000002
0000000300000006
0000000000000001
0000000000000006
15f6edb6c3e31a8b
0000000000000000
0000000000000000
15f6edb63c1ce575
0000000000000002
0000000300000007
0000000000000001
0000000000000007
15f6edb63c1ce575
0000000000000000
0000000000000000
15f6edb6c3e31a8b
0000000000000002
0000000300000007
0000000000000001
0000000000000007
224e7b91c9f8c037
0000000000000000
0000000000000000
224e7b9136073fc9
0000000000000001
0000000000000003
3f5d8b12f7027b17
0000000000000000
0000000000000000
3f5d8b1208fd84e9
0000000000000001
0000000000000002
2f60ae0bd4f8fbde
0000000000000000
0000000000000000
2f60ae0b2b070422
0000000000000001
0000000000000001
2cc3b998d2429864
0000000000000000
0000000000000000
2cc3b9982dbd679c
0000000000000001
0000000000000000
36af4f53debff673
0000000000000000
0000000000000000
36af4f532140098d
0000000000000002
0000000400000000
0000000000000001
0000000000000000
36af4f532140098d
0000000000000000
0000000000000000
36af4f53debff673
0000000000000002
0000000400000000
0000000000000002
0000000400000001
0000000000000001
0000000000000001
2cc3b9982dbd679c
0000000000000000
0000000000000000
2cc3b998d2429864
0000000000000002
0000000400000001
0000000000000002
0000000400000002
0000000000000001
0000000000000002
2f60ae0b2b070422
0000000000000000
0000000000000000
2f60ae0bd4f8fbde
0000000000000002
0000000400000002
0000000000000002
0000000400000003
0000000000000001
0000000000000003
3f5d8b1208fd84e9
0000000000000000
0000000000000000
3f5d8b12f7027b17
0000000000000002
0000000400000003
0000000000000002
0000000400000005
0000000000000001
0000000000000005
38a768871dc574ee
0000000000000000
0000000000000000
38a76887e23a8b12
0000000000000002
0000000400000005
0000000000000002
0000000400000006
0000000000000001
0000000000000006
15f6edb63c1ce575
0000000000000000
0000000000000000
15f6edb6c3e31a8b
0000000000000002
0000000400000006
0000000000000001
0000000000000006
224e7b91c9f8c037
0000000000000000
0000000000000000
224e7b9136073fc9
0000000000000002
0000000400000007
0000000000000001
0000000000000007
224e7b9136073fc9
0000000000000000
0000000000000000
224e7b91c9f8c037
0000000000000002
0000000400000007
0000000000000001
0000000000000007
13370b5cc2f3dea1
0000000000000000
0000000000000000
13370b5c3d0c215f
0000000000000001
0000000000000004
15f6edb6c3e31a8b
0000000000000000
0000000000000000
15f6edb63c1ce575
0000000000000001
0000000000000003
38a76887e23a8b12
0000000000000000
0000000000000000
38a768871dc574ee
0000000000000001
0000000000000002
3f5d8b12f7027b17
0000000000000000
0000000000000000
3f5d8b1208fd84e9
0000000000000001
0000000000000001
2f60ae0bd4f8fbde
0000000000000000
0000000000000000
2f60ae0b2b070422
0000000000000001
0000000000000000
2cc3b998d2429864
0000000000000000
0000000000000000
2cc3b9982dbd679c
0000000000000002
0000000500000000
0000000000000001
0000000000000000
2cc3b9982dbd679c
0000000000000000
0000000000000000
2cc3b998d2429864
0000000000000002
0000000500000000
0000000000000002
0000000500000001
0000000000000001
0000000000000001
2f60ae0b2b070422
0000000000000000
0000000000000000
2f60ae0bd4f8fbde
0000000000000002
0000000500000001
0000000000000002
0000000500000002
0000000000000001
0000000000000002
3f5d8b1208fd84e9
0000000000000000
0000000000000000
3f5d8b12f7027b17
0000000000000002
0000000500000002
0000000000000002
0000000500000003
0000000000000001
0000000000000003
38a768871dc574ee
0000000000000000
0000000000000000
38a76887e23a8b12
0000000000000002
0000000500000003
0000000000000002
0000000500000004
0000000000000001
0000000000000004
15f6edb63c1ce575
0000000000000000
0000000000000000
15f6edb6c3e31a8b
0000000000000002
0000000500000004
0000000000000002
0000000500000006
0000000000000001
0000000000000006
224e7b9136073fc9
0000000000000000
0000000000000000
224e7b91c9f8c037
0000000000000002
0000000500000006
0000000000000002
0000000500000007
0000000000000001
0000000000000007
13370b5c3d0c215f
0000000000000000
0000000000000000
13370b5cc2f3dea1
0000000000000002
0000000500000007
0000000000000001
0000000000000007
0e22562dc1948a9c
0000000000000000
0000000000000000
0e22562d3e6b7564
0000000000000001
0000000000000005
13370b5cc2f3dea1
0000000000000000
0000000000000000
13370b5c3d0c215f
0000000000000001
0000000000000004
224e7b91c9f8c037
0000000000000000
0000000000000000
224e7b9136073fc9
0000000000000001
0000000000000003
15f6edb6c3e31a8b
0000000000000000
0000000000000000
15f6edb63c1ce575
0000000000000001
0000000000000002
38a76887e23a8b12
0000000000000000
0000000000000000
38a768871dc574ee
0000000000000001
0000000000000001
3f5d8b12f7027b17
0000000000000000
0000000000000000
3f5d8b1208fd84e9
0000000000000001
0000000000000000
2f60ae0bd4f8fbde
0000000000000000
0000000000000000
2f60ae0b2b070422
0000000000000002
0000000600000000
0000000000000001
0000000000000000
2f60ae0b2b070422
0000000000000000
0000000000000000
2f60ae0bd4f8fbde
0000000000000002
0000000600000000
0000000000000002
0000000600000001
0000000000000001
0000000000000001
3f5d8b1208fd84e9
0000000000000000
0000000000000000
3f5d8b12f7027b17
0000000000000002
0000000600000001
0000000000000002
0000000600000002
0000000000000001
0000000000000002
38a768871dc574ee
0000000000000000
0000000000000000
38a76887e23a8b12
0000000000000002
0000000600000002
0000000000000002
0000000600000003
0000000000000001
0000000000000003
15f6edb63c1ce575
0000000000000000
0000000000000000
15f6edb6c3e31a8b
0000000000000002
0000000600000003
0000000000000002
0000000600000004
0000000000000001
0000000000000004
224e7b9136073fc9
0000000000000000
0000000000000000
224e7b91c9f8c037
0000000000000002
0000000600000004
0000000000000002
0000000600000005
0000000000000001
0000000000000005
13370b5c3d0c215f
0000000000000000
0000000000000000
13370b5cc2f3dea1
0000000000000002
0000000600000005
0000000000000002
0000000600000007
0000000000000001
0000000000000007
0e22562d3e6b7564
0000000000000000
0000000000000000
0e22562dc1948a9c
0000000000000002
0000000600000007
0000000000000001
0000000000000006
1a2f3bc5c59a0348
0000000000000000
0000000000000000
1a2f3bc53a65fcb8
0000000000000001
0000000000000005
0e22562dc1948a9c
0000000000000000
0000000000000000
0e22562d3e6b7564
0000000000000001
0000000000000004
13370b5cc2f3dea1
0000000000000000
0000000000000000
13370b5c3d0c215f
0000000000000001
0000000000000003
224e7b91c9f8c037
0000000000000000
0000000000000000
224e7b9136073fc9
0000000000000001
0000000000000002
15f6edb6c3e31a8b
0000000000000000
0000000000000000
15f6edb63c1ce575
0000000000000001
0000000000000001
38a76887e23a8b12
0000000000000000
0000000000000000
38a768871dc574ee
0000000000000001
0000000000000000
3f5d8b12f7027b17
0000000000000000
0000000000000000
3f5d8b1208fd84e9
0000000000000002
0000000700000000
0000000000000001
0000000000000000
3f5d8b1208fd84e9
0000000000000000
0000000000000000
3f5d8b12f7027b17
0000000000000002
0000000700000000
0000000000000002
0000000700000001
0000000000000001
0000000000000001
38a768871dc574ee
0000000000000000
0000000000000000
38a76887e23a8b12
0000000000000002
0000000700000001
0000000000000002
0000000700000002
0000000000000001
0000000000000002
15f6edb63c1ce575
0000000000000000
0000000000000000
15f6edb6c3e31a8b
0000000000000002
0000000700000002
0000000000000002
0000000700000003
0000000000000001
0000000000000003
224e7b9136073fc9
0000000000000000
0000000000000000
224e7b91c9f8c037
0000000000000002
0000000700000003
0000000000000002
0000000700000004
0000000000000001
0000000000000004
13370b5c3d0c215f
0000000000000000
0000000000000000
13370b5cc2f3dea1
0000000000000002
0000000700000004
0000000000000002
0000000700000005
0000000000000001
0000000000000005
0e22562d3e6b7564
0000000000000000
0000000000000000
0e22562dc1948a9c
0000000000000002
0000000700000005
0000000000000002
0000000700000006
0000000000000001
0000000000000006
1a2f3bc53a65fcb8
0000000000000000
0000000000000000
1a2f3bc5c59a0348
0000000000000002
0000000700000006
0000000000000001
0000000000000007
d458eb6300000000
00000000d132a360
00000000d132a360
d458eb6300000000
0000000000000001
0000000000000007
37ac104ee06e48a9
0000000000000000
0000000000000000
37ac104e1f91b757
0000000000000001
0000000000000006
e7fcfc5300000000
00000000c4acd861
00000000c4acd861
e7fcfc5300000000
0000000000000001
0000000000000006
c0060df4fe42a08f
0000000000000000
0000000000000000
c0060df401bd5f71
0000000000000001
0000000000000005
3c3dd7ab00000000
00000000ea64125a
00000000ea64125a
3c3dd7ab00000000
0000000000000001
0000000000000005
33ee8b34da987b2b
0000000000000000
0000000000000000
33ee8b34256784d5
0000000000000001
0000000000000004
c292f33c00000000
00000000ee083059
00000000ee083059
c292f33c00000000
0000000000000001
0000000000000004
d77d6667ce73e93d
0000000000000000
0000000000000000
d77d6667318c16c3
0000000000000001
0000000000000003
e9e0aa0000000000
00000000c3f1eda3
00000000c3f1eda3
e9e0aa0000000000
0000000000000001
0000000000000003
10ca84b8c23def0a
0000000000000000
0000000000000000
10ca84b83dc210f6
0000000000000001
0000000000000002
fa00198b00000000
00000000c0482647
00000000c0482647
fa00198b00000000
0000000000000001
0000000000000002
3a2cc024e5528be0
0000000000000000
0000000000000000
3a2cc0241aad7420
0000000000000001
0000000000000001
3b1dd96300000000
00000000e77ae4c1
00000000e77ae4c1
3b1dd96300000000
0000000000000001
0000000000000001
2c4ecc6dd1d14b44
0000000000000000
0000000000000000
2c4ecc6d2e2eb4bc
0000000000000001
0000000000000000
03d2e62400000000
00000000c01d44f8
00000000c01d44f8
03d2e62400000000
0000000000000001
0000000000000000
d161dfdad4267d20
0000000000000000
0000000000000000
d161dfda2bd982e0
