00000000000000bd
0000000000000001
0000000000000006
3ff1d29700000000
0000000002a9712a
0000000002a9712a
3ff1d29700000000
0000000000000001
0000000000000006
0aad8c623f1a5ac0
0000000000000000
0000000000000000
0aad8c62c0e5a540
0000000000000001
0000000000000005
081c7ad500000000
000000003f7be1f1
000000003f7be1f1
081c7ad500000000
0000000000000001
0000000000000005
06d866da3fa2037d
0000000000000000
0000000000000000
06d866dac05dfc83
0000000000000001
0000000000000004
3f99c99f00000000
0000000007234074
0000000007234074
3f99c99f00000000
0000000000000001
0000000000000004
37b0ff57e076fd9a
0000000000000000
0000000000000000
37b0ff571f890266
0000000000000001
0000000000000003
2858791700000000
0000000031ae6a73
0000000031ae6a73
2858791700000000
0000000000000001
0000000000000003
127f4a3cc2bb3702
0000000000000000
0000000000000000
127f4a3c3d44c8fe
0000000000000001
0000000000000002
3e7d555d00000000
000000000dd2789d
000000000dd2789d
3e7d555d00000000
0000000000000001
0000000000000002
129b526ec2c3b487
0000000000000000
0000000000000000
129b526e3d3c4b79
0000000000000001
0000000000000001
1bfc2d1b00000000
00000000c6715885
00000000c6715885
1bfc2d1b00000000
0000000000000001
0000000000000001
2654325d3340d52c
0000000000000000
0000000000000000
2654325dccbf2ad4
0000000000000001
0000000000000000
c37de1ec00000000
00000000eb263ca0
00000000eb263ca0
c37de1ec00000000
0000000000000001
0000000000000000
d902af3d32c0a4da
0000000000000000
0000000000000000
d902af3dcd3f5b26
0000000000000002
0000000000000001
0000000000000001
0000000000000001
19d06dc03a9022ae
0000000000000000
0000000000000000
19d06dc0c56fdd52
0000000000000002
0000000000000001
0000000000000002
0000000000000002
0000000000000001
0000000000000002
22018a443637ce74
0000000000000000
0000000000000000
22018a44c9c8318c
0000000000000002
0000000000000002
0000000000000001
0000000000000002
2a4a3a47cff682aa
0000000000000000
0000000000000000
2a4a3a4730097d56
0000000000000002
0000000000000003
0000000000000001
0000000000000003
3f485651098e5485
0000000000000000
0000000000000000
3f485651f671ab7b
0000000000000002
0000000000000003
0000000000000001
0000000000000003
03930dddc01992b5
0000000000000000
0000000000000000
03930ddd3fe66d4b
0000000000000002
0000000000000004
0000000000000001
0000000000000004
3f4bd37609771cff
0000000000000000
0000000000000000
3f4bd376f688e301
0000000000000002
0000000000000004
0000000000000001
0000000000000004
1b833707c63724f3
0000000000000000
0000000000000000
1b83370739c8db0d
0000000000000002
0000000000000005
0000000000000001
0000000000000005
38f967d11d27564d
0000000000000000
0000000000000000
38f967d1e2d8a9b3
0000000000000002
0000000000000005
0000000000000001
0000000000000005
06f3c479c060f419
0000000000000000
0000000000000000
06f3c4793f9f0be7
0000000000000002
0000000000000006
0000000000000001
0000000000000006
1a65728a3a4d8f85
0000000000000000
0000000000000000
1a65728ac5b2707b
0000000000000002
0000000000000006
0000000000000001
0000000000000006
3641158cde0d44ff
0000000000000000
0000000000000000
3641158c21f2bb01
0000000000000002
0000000100000000
0000000000000001
0000000000000000
0154cb753ffc748c
0000000000000000
0000000000000000
0154cb75c0038b74
0000000000000002
0000000100000000
0000000000000002
0000000100000002
0000000000000001
0000000000000002
2a4a3a4730097d56
0000000000000000
0000000000000000
2a4a3a47cff682aa
0000000000000002
0000000100000002
0000000000000002
0000000100000003
0000000000000001
0000000000000003
03930ddd3fe66d4b
0000000000000000
0000000000000000
03930dddc01992b5
0000000000000002
0000000100000003
0000000000000001
0000000000000003
1b833707c63724f3
0000000000000000
0000000000000000
1b83370739c8db0d
0000000000000002
0000000100000004
0000000000000001
0000000000000004
1b83370739c8db0d
0000000000000000
0000000000000000
1b833707c63724f3
0000000000000002
0000000100000004
0000000000000001
0000000000000004
06f3c479c060f419
0000000000000000
0000000000000000
06f3c4793f9f0be7
0000000000000002
0000000100000005
0000000000000001
0000000000000005
06f3c4793f9f0be7
0000000000000000
0000000000000000
06f3c479c060f419
0000000000000002
0000000100000005
0000000000000001
0000000000000005
3641158cde0d44ff
0000000000000000
0000000000000000
3641158c21f2bb01
0000000000000002
0000000100000006
0000000000000001
0000000000000006
3641158c21f2bb01
0000000000000000
0000000000000000
3641158cde0d44ff
0000000000000002
0000000100000006
0000000000000001
0000000000000006
0a920bccc0e1040c
0000000000000000
0000000000000000
0a920bcc3f1efbf4
0000000000000001
0000000000000001
03930dddc01992b5
0000000000000000
0000000000000000
03930ddd3fe66d4b
0000000000000001
0000000000000000
2a4a3a47cff682aa
0000000000000000
0000000000000000
2a4a3a4730097d56
0000000000000002
0000000200000000
0000000000000001
0000000000000000
2a4a3a4730097d56
0000000000000000
0000000000000000
2a4a3a47cff682aa
0000000000000002
0000000200000000
0000000000000002
0000000200000001
0000000000000001
0000000000000001
03930ddd3fe66d4b
0000000000000000
0000000000000000
03930dddc01992b5
0000000000000002
0000000200000001
0000000000000002
0000000200000003
0000000000000001
0000000000000003
1b83370739c8db0d
0000000000000000
0000000000000000
1b833707c63724f3
0000000000000002
0000000200000003
0000000000000002
0000000200000004
0000000000000001
0000000000000004
06f3c4793f9f0be7
0000000000000000
0000000000000000
06f3c479c060f419
0000000000000002
0000000200000004
0000000000000001
0000000000000004
3641158cde0d44ff
0000000000000000
0000000000000000
3641158c21f2bb01
0000000000000002
0000000200000005
0000000000000001
0000000000000005
3641158c21f2bb01
0000000000000000
0000000000000000
3641158cde0d44ff
0000000000000002
0000000200000005
0000000000000001
0000000000000005
0a920bccc0e1040c
0000000000000000
0000000000000000
0a920bcc3f1efbf4
0000000000000002
0000000200000006
0000000000000001
0000000000000006
0a920bcc3f1efbf4
0000000000000000
0000000000000000
0a920bccc0e1040c
0000000000000002
0000000200000006
0000000000000001
0000000000000006
3d35a8c6ed4ee503
0000000000000000
0000000000000000
3d35a8c612b11afd
0000000000000001
0000000000000002
06f3c479c060f419
0000000000000000
0000000000000000
06f3c4793f9f0be7
0000000000000001
0000000000000001
1b833707c63724f3
0000000000000000
0000000000000000
1b83370739c8db0d
0000000000000001
0000000000000000
03930dddc01992b5
0000000000000000
0000000000000000
03930ddd3fe66d4b
0000000000000002
0000000300000000
0000000000000001
0000000000000000
03930ddd3fe66d4b
0000000000000000
0000000000000000
03930dddc01992b5
0000000000000002
0000000300000000
0000000000000002
0000000300000001
0000000000000001
0000000000000001
1b83370739c8db0d
0000000000000000
0000000000000000
1b833707c63724f3
0000000000000002
0000000300000001
0000000000000002
0000000300000002
0000000000000001
0000000000000002
06f3c4793f9f0be7
0000000000000000
0000000000000000
06f3c479c060f419
0000000000000002
0000000300000002
0000000000000002
0000000300000004
0000000000000001
0000000000000004
3641158c21f2bb01
0000000000000000
0000000000000000
3641158cde0d44ff
0000000000000002
0000000300000004
0000000000000002
0000000300000005
0000000000000001
0000000000000005
0a920bcc3f1efbf4
0000000000000000
0000000000000000
0a920bccc0e1040c
0000000000000002
0000000300000005
0000000000000001
0000000000000005
3d35a8c6ed4ee503
0000000000000000
0000000000000000
3d35a8c612b11afd
0000000000000002
0000000300000006
0000000000000001
0000000000000006
3d35a8c612b11afd
0000000000000000
0000000000000000
3d35a8c6ed4ee503
0000000000000002
0000000300000006
0000000000000001
0000000000000006
34bb251bdbbb24ff
0000000000000000
0000000000000000
34bb251b2444db01
0000000000000001
0000000000000003
0a920bccc0e1040c
0000000000000000
0000000000000000
0a920bcc3f1efbf4
0000000000000001
0000000000000002
3641158cde0d44ff
0000000000000000
0000000000000000
3641158c21f2bb01
0000000000000001
0000000000000001
06f3c479c060f419
0000000000000000
0000000000000000
06f3c4793f9f0be7
0000000000000001
0000000000000000
1b833707c63724f3
0000000000000000
0000000000000000
1b83370739c8db0d
0000000000000002
0000000400000000
0000000000000001
0000000000000000
1b83370739c8db0d
0000000000000000
0000000000000000
1b833707c63724f3
0000000000000002
0000000400000000
0000000000000002
0000000400000001
0000000000000001
0000000000000001
06f3c4793f9f0be7
0000000000000000
0000000000000000
06f3c479c060f419
0000000000000002
0000000400000001
0000000000000002
0000000400000002
0000000000000001
0000000000000002
3641158c21f2bb01
0000000000000000
0000000000000000
3641158cde0d44ff
0000000000000002
0000000400000002
0000000000000002
0000000400000003
0000000000000001
0000000000000003
0a920bcc3f1efbf4
0000000000000000
0000000000000000
0a920bccc0e1040c
0000000000000002
0000000400000003
0000000000000002
0000000400000005
0000000000000001
0000000000000005
3d35a8c612b11afd
0000000000000000
0000000000000000
3d35a8c6ed4ee503
0000000000000002
0000000400000005
0000000000000002
0000000400000006
0000000000000001
0000000000000006
34bb251b2444db01
0000000000000000
0000000000000000
34bb251bdbbb24ff
0000000000000002
0000000400000006
0000000000000001
0000000000000006
3eed3d3ff4540bdf
0000000000000000
0000000000000000
3eed3d3f0babf421
0000000000000001
0000000000000004
34bb251bdbbb24ff
0000000000000000
0000000000000000
34bb251b2444db01
0000000000000001
0000000000000003
3d35a8c6ed4ee503
0000000000000000
0000000000000000
3d35a8c612b11afd
0000000000000001
0000000000000002
0a920bccc0e1040c
0000000000000000
0000000000000000
0a920bcc3f1efbf4
0000000000000001
0000000000000001
3641158cde0d44ff
0000000000000000
0000000000000000
3641158c21f2bb01
0000000000000001
0000000000000000
06f3c479c060f419
0000000000000000
0000000000000000
06f3c4793f9f0be7
0000000000000002
0000000500000000
0000000000000001
0000000000000000
06f3c4793f9f0be7
0000000000000000
0000000000000000
06f3c479c060f419
0000000000000002
0000000500000000
0000000000000002
0000000500000001
0000000000000001
0000000000000001
3641158c21f2bb01
0000000000000000
0000000000000000
3641158cde0d44ff
0000000000000002
0000000500000001
0000000000000002
0000000500000002
0000000000000001
0000000000000002
0a920bcc3f1efbf4
0000000000000000
0000000000000000
0a920bccc0e1040c
0000000000000002
0000000500000002
0000000000000002
0000000500000003
0000000000000001
0000000000000003
3d35a8c612b11afd
0000000000000000
0000000000000000
3d35a8c6ed4ee503
0000000000000002
0000000500000003
0000000000000002
0000000500000004
0000000000000001
0000000000000004
34bb251b2444db01
0000000000000000
0000000000000000
34bb251bdbbb24ff
0000000000000002
0000000500000004
0000000000000002
0000000500000006
0000000000000001
0000000000000006
3eed3d3f0babf421
0000000000000000
0000000000000000
3eed3d3ff4540bdf
0000000000000002
0000000500000006
0000000000000001
0000000000000005
3617b950ddcb8449
0000000000000000
0000000000000000
3617b95022347bb7
0000000000000001
0000000000000004
3eed3d3ff4540bdf
0000000000000000
0000000000000000
3eed3d3f0babf421
0000000000000001
0000000000000003
34bb251bdbbb24ff
0000000000000000
0000000000000000
34bb251b2444db01
0000000000000001
0000000000000002
3d35a8c6ed4ee503
0000000000000000
0000000000000000
3d35a8c612b11afd
0000000000000001
0000000000000001
0a920bccc0e1040c
0000000000000000
0000000000000000
0a920bcc3f1efbf4
0000000000000001
0000000000000000
3641158cde0d44ff
0000000000000000
0000000000000000
3641158c21f2bb01
0000000000000002
0000000600000000
0000000000000001
0000000000000000
3641158c21f2bb01
0000000000000000
0000000000000000
3641158cde0d44ff
0000000000000002
0000000600000000
0000000000000002
0000000600000001
0000000000000001
0000000000000001
0a920bcc3f1efbf4
0000000000000000
0000000000000000
0a920bccc0e1040c
0000000000000002
0000000600000001
0000000000000002
0000000600000002
0000000000000001
0000000000000002
3d35a8c612b11afd
0000000000000000
0000000000000000
3d35a8c6ed4ee503
0000000000000002
0000000600000002
0000000000000002
0000000600000003
0000000000000001
0000000000000003
34bb251b2444db01
0000000000000000
0000000000000000
34bb251bdbbb24ff
0000000000000002
0000000600000003
0000000000000002
0000000600000004
0000000000000001
0000000000000004
3eed3d3f0babf421
0000000000000000
0000000000000000
3eed3d3ff4540bdf
0000000000000002
0000000600000004
0000000000000002
0000000600000005
0000000000000001
0000000000000005
3617b95022347bb7
0000000000000000
0000000000000000
3617b950ddcb8449
0000000000000002
0000000600000005
0000000000000001
0000000000000006
3dc33b7300000000
00000000ef39c5b9
00000000ef39c5b9
3dc33b7300000000
0000000000000001
0000000000000006
25708337cc17f04b
0000000000000000
0000000000000000
2570833733e80fb5
0000000000000001
0000000000000005
1f7077cb00000000
00000000c8412247
00000000c8412247
1f7077cb00000000
0000000000000001
0000000000000005
d5c61bbfcfe825e6
0000000000000000
0000000000000000
d5c61bbf3017da1a
0000000000000001
0000000000000004
cc728d1300000000
00000000da1318d5
00000000da1318d5
cc728d1300000000
0000000000000001
0000000000000004
2992ebf5cf578763
0000000000000000
0000000000000000
2992ebf530a8789d
0000000000000001
0000000000000003
d4d2f91100000000
00000000d0c1f32c
00000000d0c1f32c
d4d2f91100000000
0000000000000001
0000000000000003
d3ce5795d1b567b1
0000000000000000
0000000000000000
d3ce57952e4a984f
0000000000000001
0000000000000002
e42345e600000000
00000000c66218a2
00000000c66218a2
e42345e600000000
0000000000000001
0000000000000002
f1581d5cc1b35e9d
0000000000000000
0000000000000000
f1581d5c3e4ca163
0000000000000001
0000000000000001
3d25776600000000
00000000ed1a2f95
00000000ed1a2f95
3d25776600000000
0000000000000001
0000000000000001
10b0052ec236c0cc
0000000000000000
0000000000000000
10b0052e3dc93f34
0000000000000001
0000000000000000
3d33445000000000
00000000ed471132
00000000ed471132
3d33445000000000
0000000000000001
0000000000000000
c2f41624ecc8444c
0000000000000000
0000000000000000
c2f416241337bbb4
