000000000000008a
0000000000000001
0000000000000005
3e74f6e300000000
000000000df818f5
000000000df818f5
3e74f6e300000000
0000000000000001
0000000000000005
03257fc83fec2ff5
0000000000000000
0000000000000000
03257fc8c013d00b
0000000000000001
0000000000000004
23b5a65000000000
00000000cae377ab
00000000cae377ab
23b5a65000000000
0000000000000001
0000000000000004
33823fbf25fc1bdc
0000000000000000
0000000000000000
33823fbfda03e424
0000000000000001
0000000000000003
3cc3c0e200000000
0000000014175823
0000000014175823
3cc3c0e200000000
0000000000000001
0000000000000003
36b38265dec6df8c
0000000000000000
0000000000000000
36b3826521392074
0000000000000001
0000000000000002
1b6a824000000000
00000000c62b680e
00000000c62b680e
1b6a824000000000
0000000000000001
0000000000000002
33bee623da56ad20
0000000000000000
0000000000000000
33bee62325a952e0
0000000000000001
0000000000000001
3dec43dc00000000
00000000102c2fd8
00000000102c2fd8
3dec43dc00000000
0000000000000001
0000000000000001
000188473ffffffb
0000000000000000
0000000000000000
00018847c0000005
0000000000000001
0000000000000000
1990bdf100000000
00000000c553f3ff
00000000c553f3ff
1990bdf100000000
0000000000000001
0000000000000000
f888c910c06fdaca
0000000000000000
0000000000000000
f888c9103f902536
0000000000000002
0000000000000001
0000000000000001
0000000000000001
3c5f78fa153d4334
0000000000000000
0000000000000000
3c5f78faeac2bccc
0000000000000002
0000000000000001
0000000000000002
0000000000000002
0000000000000001
0000000000000002
3c769be714fb0b67
0000000000000000
0000000000000000
3c769be7eb04f499
0000000000000002
0000000000000002
0000000000000001
0000000000000002
387c808ce1e9723f
0000000000000000
0000000000000000
387c808c1e168dc1
0000000000000002
0000000000000003
0000000000000001
0000000000000003
354f8e4c23694cf5
0000000000000000
0000000000000000
354f8e4cdc96b30b
0000000000000002
0000000000000003
0000000000000001
0000000000000003
0a2ccd6cc0d0630a
0000000000000000
0000000000000000
0a2ccd6c3f2f9cf6
0000000000000002
0000000000000004
0000000000000001
0000000000000004
294c329c30e48d7e
0000000000000000
0000000000000000
294c329ccf1b7282
0000000000000002
0000000000000004
0000000000000001
0000000000000004
36160f20ddc8e271
0000000000000000
0000000000000000
36160f2022371d8f
0000000000000002
0000000000000005
0000000000000001
0000000000000005
2310010e358a7385
0000000000000000
0000000000000000
2310010eca758c7b
0000000000000002
0000000000000005
0000000000000001
0000000000000005
082718bdc0857a3a
0000000000000000
0000000000000000
082718bd3f7a85c6
0000000000000002
0000000100000000
0000000000000001
0000000000000000
0706ecd43f9cf10f
0000000000000000
0000000000000000
0706ecd4c0630ef1
0000000000000002
0000000100000000
0000000000000002
0000000100000002
0000000000000001
0000000000000002
387c808c1e168dc1
0000000000000000
0000000000000000
387c808ce1e9723f
0000000000000002
0000000100000002
0000000000000002
0000000100000003
0000000000000001
0000000000000003
0a2ccd6c3f2f9cf6
0000000000000000
0000000000000000
0a2ccd6cc0d0630a
0000000000000002
0000000100000003
0000000000000001
0000000000000003
36160f20ddc8e271
0000000000000000
0000000000000000
36160f2022371d8f
0000000000000002
0000000100000004
0000000000000001
0000000000000004
36160f2022371d8f
0000000000000000
0000000000000000
36160f20ddc8e271
0000000000000002
0000000100000004
0000000000000001
0000000000000004
082718bdc0857a3a
0000000000000000
0000000000000000
082718bd3f7a85c6
0000000000000002
0000000100000005
0000000000000001
0000000000000005
082718bd3f7a85c6
0000000000000000
0000000000000000
082718bdc0857a3a
0000000000000002
0000000100000005
0000000000000001
0000000000000005
358930d6dcee1248
0000000000000000
0000000000000000
358930d62311edb8
0000000000000001
0000000000000001
0a2ccd6cc0d0630a
0000000000000000
0000000000000000
0a2ccd6c3f2f9cf6
0000000000000001
0000000000000000
387c808ce1e9723f
0000000000000000
0000000000000000
387c808c1e168dc1
0000000000000002
0000000200000000
0000000000000001
0000000000000000
387c808c1e168dc1
0000000000000000
0000000000000000
387c808ce1e9723f
0000000000000002
0000000200000000
0000000000000002
0000000200000001
0000000000000001
0000000000000001
0a2ccd6c3f2f9cf6
0000000000000000
0000000000000000
0a2ccd6cc0d0630a
0000000000000002
0000000200000001
0000000000000002
0000000200000003
0000000000000001
0000000000000003
36160f2022371d8f
0000000000000000
0000000000000000
36160f20ddc8e271
0000000000000002
0000000200000003
0000000000000002
0000000200000004
0000000000000001
0000000000000004
082718bd3f7a85c6
0000000000000000
0000000000000000
082718bdc0857a3a
0000000000000002
0000000200000004
0000000000000001
0000000000000004
358930d6dcee1248
0000000000000000
0000000000000000
358930d62311edb8
0000000000000002
0000000200000005
0000000000000001
0000000000000005
358930d62311edb8
0000000000000000
0000000000000000
358930d6dcee1248
0000000000000002
0000000200000005
0000000000000001
0000000000000005
3cdc70abec33eddf
0000000000000000
0000000000000000
3cdc70ab13cc1221
0000000000000001
0000000000000002
082718bdc0857a3a
0000000000000000
0000000000000000
082718bd3f7a85c6
0000000000000001
0000000000000001
36160f20ddc8e271
0000000000000000
0000000000000000
36160f2022371d8f
0000000000000001
0000000000000000
0a2ccd6cc0d0630a
0000000000000000
0000000000000000
0a2ccd6c3f2f9cf6
0000000000000002
0000000300000000
0000000000000001
0000000000000000
0a2ccd6c3f2f9cf6
0000000000000000
0000000000000000
0a2ccd6cc0d0630a
0000000000000002
0000000300000000
0000000000000002
0000000300000001
0000000000000001
0000000000000001
36160f2022371d8f
0000000000000000
0000000000000000
36160f20ddc8e271
0000000000000002
0000000300000001
0000000000000002
0000000300000002
0000000000000001
0000000000000002
082718bd3f7a85c6
0000000000000000
0000000000000000
082718bdc0857a3a
0000000000000002
0000000300000002
0000000000000002
0000000300000004
0000000000000001
0000000000000004
358930d62311edb8
0000000000000000
0000000000000000
358930d6dcee1248
0000000000000002
0000000300000004
0000000000000002
0000000300000005
0000000000000001
0000000000000005
3cdc70ab13cc1221
0000000000000000
0000000000000000
3cdc70abec33eddf
0000000000000002
0000000300000005
0000000000000001
0000000000000005
2bbce0b7d147017a
0000000000000000
0000000000000000
2bbce0b72eb8fe86
0000000000000001
0000000000000003
3cdc70abec33eddf
0000000000000000
0000000000000000
3cdc70ab13cc1221
0000000000000001
0000000000000002
358930d6dcee1248
0000000000000000
0000000000000000
358930d62311edb8
0000000000000001
0000000000000001
082718bdc0857a3a
0000000000000000
0000000000000000
082718bd3f7a85c6
0000000000000001
0000000000000000
36160f20ddc8e271
0000000000000000
0000000000000000
36160f2022371d8f
0000000000000002
0000000400000000
0000000000000001
0000000000000000
36160f2022371d8f
0000000000000000
0000000000000000
36160f20ddc8e271
0000000000000002
0000000400000000
0000000000000002
0000000400000001
0000000000000001
0000000000000001
082718bd3f7a85c6
0000000000000000
0000000000000000
082718bdc0857a3a
0000000000000002
0000000400000001
0000000000000002
0000000400000002
0000000000000001
0000000000000002
358930d62311edb8
0000000000000000
0000000000000000
358930d6dcee1248
0000000000000002
0000000400000002
0000000000000002
0000000400000003
0000000000000001
0000000000000003
3cdc70ab13cc1221
0000000000000000
0000000000000000
3cdc70abec33eddf
0000000000000002
0000000400000003
0000000000000002
0000000400000005
0000000000000001
0000000000000005
2bbce0b72eb8fe86
0000000000000000
0000000000000000
2bbce0b7d147017a
0000000000000002
0000000400000005
0000000000000001
0000000000000004
014bd998c0035c70
0000000000000000
0000000000000000
014bd9983ffca390
0000000000000001
0000000000000003
2bbce0b7d147017a
0000000000000000
0000000000000000
2bbce0b72eb8fe86
0000000000000001
0000000000000002
3cdc70abec33eddf
0000000000000000
0000000000000000
3cdc70ab13cc1221
0000000000000001
0000000000000001
358930d6dcee1248
0000000000000000
0000000000000000
358930d62311edb8
0000000000000001
0000000000000000
082718bdc0857a3a
0000000000000000
0000000000000000
082718bd3f7a85c6
0000000000000002
0000000500000000
0000000000000001
0000000000000000
082718bd3f7a85c6
0000000000000000
0000000000000000
082718bdc0857a3a
0000000000000002
0000000500000000
0000000000000002
0000000500000001
0000000000000001
0000000000000001
358930d62311edb8
0000000000000000
0000000000000000
358930d6dcee1248
0000000000000002
0000000500000001
0000000000000002
0000000500000002
0000000000000001
0000000000000002
3cdc70ab13cc1221
0000000000000000
0000000000000000
3cdc70abec33eddf
0000000000000002
0000000500000002
0000000000000002
0000000500000003
0000000000000001
0000000000000003
2bbce0b72eb8fe86
0000000000000000
0000000000000000
2bbce0b7d147017a
0000000000000002
0000000500000003
0000000000000002
0000000500000004
0000000000000001
0000000000000004
014bd9983ffca390
0000000000000000
0000000000000000
014bd998c0035c70
0000000000000002
0000000500000004
0000000000000001
0000000000000005
3d3b827400000000
00000000ed621831
00000000ed621831
3d3b827400000000
0000000000000001
0000000000000005
f54bf722c0e6be92
0000000000000000
0000000000000000
f54bf7223f19416e
0000000000000001
0000000000000004
153bd12600000000
00000000c3a004dc
00000000c3a004dc
153bd12600000000
0000000000000001
0000000000000004
e66b0a50c555caa9
0000000000000000
0000000000000000
e66b0a503aaa3557
0000000000000001
0000000000000003
3e5bea9600000000
00000000f199b26b
00000000f199b26b
3e5bea9600000000
0000000000000001
0000000000000003
2ced1117d26b32eb
0000000000000000
0000000000000000
2ced11172d94cd15
0000000000000001
0000000000000002
31e7228200000000
00000000d7edc3d3
00000000d7edc3d3
31e7228200000000
0000000000000001
0000000000000002
04830894c028c3a9
0000000000000000
0000000000000000
048308943fd73c57
0000000000000001
0000000000000001
323e804300000000
00000000d85b86ad
00000000d85b86ad
323e804300000000
0000000000000001
0000000000000001
25474305cbfa4838
0000000000000000
0000000000000000
254743053405b7c8
0000000000000001
0000000000000000
18d04d2500000000
00000000c5018f1d
00000000c5018f1d
18d04d2500000000
0000000000000001
0000000000000000
c1cf7765f0e29fee
0000000000000000
0000000000000000
c1cf77650f1d6012
